598652
601875
601906
601878
601886
601888
601889
601917
601929
601934
602800
602815
604496
604510
604512
604644
607219
607220
607221
607223
607229
607230
607234
607249
607250
607252
607253
607255
607256
607259
607260
607261
607263
607264
607265
607266
607274
607275
607276
607277
607278
607279
607280
607289
607292
607512
607532
607549
607551
607552
607566
607593
607594
608573
608574
608595
608596
608623
608624
608636
608637
608638
608640
608641
608650
608651
608652
608775
608776
608792
608848
608849
608853
608908
608909
608921
608937
611717
611731
611732
609201
609202
609203
609221
609236
609238
609270
609271
609272
609275
609276
609278
609638
609706
609707
610065
610066
610067
610107
610108
610109
615288
615326
615338
615339
615762
616581
616582
616628
616644
616649
